0 0.785885 0.507127 0.307725 0.099773
0 0.805243 0.326467 0.262172 0.106117
0 0.767931 0.156960 0.248394 0.204058
0 0.770666 0.070817 0.223706 0.141634
0 0.216573 0.235592 0.248501 0.160526
0 0.192165 0.487893 0.257993 0.105362
0 0.287027 0.720926 0.306412 0.120505
0 0.195335 0.654195 0.268222 0.119210
0 0.770722 0.929463 0.271291 0.138577
0 0.455296 0.214934 0.072886 0.380952
0 0.243926 0.584695 0.275996 0.102010
1 0.801619 0.498063 0.054871 0.061906
1 0.832924 0.296868 0.045726 0.042209
1 0.779460 0.076445 0.041505 0.038457
1 0.280761 0.758931 0.060950 0.044706
1 0.148434 0.671118 0.054871 0.060968
1 0.227927 0.595143 0.052057 0.057216
1 0.147730 0.475551 0.046430 0.052526
1 0.193105 0.220423 0.048540 0.054402
1 0.763577 0.983146 0.045880 0.033708
1 0.159506 0.842577 0.056268 0.054693
0 0.182216 0.746194 0.195335 0.139942