0 0.764939 0.064219 0.227156 0.128169
0 0.761509 0.176897 0.254476 0.161978
0 0.799233 0.322677 0.268542 0.112532
0 0.794118 0.419864 0.294118 0.095482
0 0.780691 0.510230 0.313299 0.112532
0 0.774936 0.659420 0.278772 0.168798
0 0.211637 0.246803 0.236573 0.151748
0 0.189258 0.386616 0.258312 0.141517
0 0.207161 0.499147 0.283887 0.117647
0 0.227621 0.580136 0.317136 0.095482
0 0.184143 0.646633 0.263427 0.122762
0 0.193095 0.772805 0.248082 0.126172
0 0.189898 0.903240 0.239130 0.161978
1 0.184783 0.218670 0.054987 0.064791
1 0.131714 0.332055 0.053708 0.059676
1 0.223785 0.605712 0.058824 0.051151
1 0.138747 0.675618 0.065217 0.064791
1 0.152813 0.852941 0.065217 0.071611
1 0.822251 0.287724 0.051151 0.056266
1 0.787084 0.497442 0.057545 0.073316
1 0.788363 0.704604 0.057545 0.068201
1 0.169437 0.967178 0.042199 0.047741
1 0.770460 0.072038 0.039642 0.047741