0 0.764693 0.166179 0.250613 0.188282
0 0.766649 0.070950 0.228850 0.141900
0 0.755350 0.808610 0.279580 0.177323
0 0.212276 0.245951 0.242967 0.146633
0 0.191816 0.390026 0.255754 0.151748
0 0.219309 0.498295 0.257033 0.129582
0 0.221867 0.582694 0.303069 0.104007
0 0.175831 0.657715 0.282609 0.121057
0 0.189258 0.778772 0.258312 0.127877
0 0.182864 0.902387 0.255754 0.160273
0 0.627877 0.266411 0.000000 0.006820
0 0.794118 0.326087 0.263427 0.112532
0 0.793478 0.419864 0.292839 0.098892
0 0.787708 0.520460 0.312053 0.105712
0 0.783248 0.648338 0.303069 0.170503
0 0.756394 0.950341 0.269821 0.099318
1 0.184783 0.218670 0.054987 0.064791
1 0.131714 0.332055 0.053708 0.059676
1 0.223785 0.605712 0.058824 0.051151
1 0.140026 0.678176 0.067775 0.069906
1 0.152813 0.852941 0.065217 0.071611
1 0.822890 0.287724 0.052430 0.056266
1 0.787084 0.497442 0.057545 0.073316
1 0.788363 0.704604 0.057545 0.068201
1 0.757033 0.975916 0.058824 0.048167
1 0.169437 0.967178 0.042199 0.047741
1 0.760870 0.858056 0.048593 0.071611
1 0.773657 0.077153 0.043478 0.054561