0 0.760870 0.073529 0.217391 0.147058
0 0.757033 0.184569 0.242967 0.167093
0 0.793478 0.329497 0.262148 0.105712
0 0.798593 0.425831 0.300512 0.083546
0 0.785166 0.518755 0.314578 0.105712
0 0.776215 0.661125 0.286445 0.155158
0 0.757033 0.810315 0.258312 0.132992
0 0.781969 0.937553 0.218670 0.124893
1 0.184783 0.218670 0.054987 0.064791
1 0.131714 0.332055 0.053708 0.059676
1 0.223785 0.595482 0.058824 0.071611
1 0.135550 0.671355 0.061381 0.063086
1 0.156649 0.857204 0.057544 0.063086
1 0.822890 0.287724 0.052430 0.056266
1 0.787084 0.497442 0.057545 0.073316
1 0.788363 0.704604 0.057545 0.068201
1 0.757033 0.975916 0.058824 0.048167
1 0.168798 0.966326 0.053708 0.059676
1 0.760870 0.852941 0.051151 0.068201
1 0.776854 0.075448 0.052430 0.051151
0 0.203596 0.235018 0.247813 0.143829
0 0.185617 0.384678 0.262391 0.155491
0 0.206511 0.503239 0.290573 0.136054
0 0.231778 0.585520 0.290573 0.095886
0 0.192906 0.661322 0.263362 0.130871
0 0.184159 0.801911 0.275024 0.139942
0 0.188047 0.897797 0.236152 0.163265