0 0.791199 0.508115 0.318352 0.104869
0 0.799138 0.343802 0.255951 0.092117
0 0.222060 0.243440 0.236152 0.155491
0 0.229447 0.586638 0.304307 0.098123
0 0.190962 0.648364 0.273081 0.097182
0 0.770722 0.929463 0.271291 0.138577
0 0.200194 0.775348 0.248785 0.128280
0 0.517007 0.581633 0.190476 0.269517
0 0.793710 0.251914 0.271581 0.133330
0 0.193898 0.897471 0.236111 0.162612
0 0.214523 0.416488 0.291080 0.111488
0 0.761576 0.163806 0.237781 0.164671
1 0.801619 0.498063 0.054871 0.061906
1 0.832924 0.296868 0.045726 0.042209
1 0.148434 0.671118 0.054871 0.060968
1 0.227927 0.595143 0.052057 0.057216
1 0.763577 0.983146 0.045880 0.033708
1 0.164188 0.844449 0.046905 0.050948
1 0.176498 0.963795 0.045880 0.034956
1 0.493914 0.619850 0.036517 0.061174
1 0.187734 0.388889 0.045880 0.058677
1 0.194977 0.219175 0.044795 0.051905