0 0.219145 0.237372 0.245870 0.145945
0 0.187960 0.387170 0.274852 0.157883
0 0.219926 0.555528 0.325940 0.085140
0 0.183591 0.664090 0.297860 0.172414
0 0.184483 0.791320 0.280024 0.162901
0 0.769501 0.142687 0.239001 0.211653
0 0.795363 0.247325 0.271106 0.178359
0 0.785933 0.323029 0.241545 0.118115
0 0.785228 0.503239 0.312925 0.089407
1 0.194738 0.214031 0.040131 0.049941
1 0.141231 0.326992 0.049049 0.059453
1 0.230410 0.592747 0.043698 0.063020
1 0.163971 0.848395 0.058859 0.060642
1 0.147919 0.669441 0.060642 0.085612
1 0.177348 0.970273 0.046373 0.049941
1 0.762366 0.983353 0.048157 0.033294
1 0.802943 0.499405 0.056183 0.064209
1 0.831926 0.291320 0.035672 0.045184
1 0.815428 0.174792 0.047265 0.033294
1 0.779756 0.068966 0.045482 0.049941
0 0.182216 0.886783 0.259475 0.128280
0 0.788144 0.693068 0.274052 0.095886
0 0.763848 0.938533 0.275996 0.122934