0 0.787343 0.504994 0.310640 0.096130
0 0.797680 0.341859 0.253036 0.088230
0 0.218173 0.241497 0.241983 0.154195
0 0.257304 0.433210 0.278394 0.105074
0 0.231934 0.586777 0.298036 0.100991
0 0.194363 0.663502 0.272109 0.137824
0 0.770722 0.933373 0.271291 0.130757
0 0.205539 0.773310 0.240039 0.142343
0 0.793710 0.251914 0.271581 0.133330
0 0.194870 0.891386 0.238054 0.174782
0 0.762159 0.172182 0.252379 0.168008
0 0.777828 0.079135 0.231366 0.118443
1 0.801619 0.498063 0.054871 0.061906
1 0.832924 0.296868 0.045726 0.042209
1 0.148434 0.671118 0.054871 0.060968
1 0.227927 0.595143 0.052057 0.057216
1 0.245109 0.426862 0.046430 0.052526
1 0.194509 0.221047 0.047604 0.055651
1 0.763577 0.983146 0.045880 0.033708
1 0.164188 0.844449 0.046905 0.050948
1 0.176498 0.963795 0.045880 0.034956
1 0.778756 0.066596 0.045726 0.045023