0 0.788800 0.507197 0.313556 0.149152
0 0.805243 0.326467 0.262172 0.106117
0 0.767445 0.155665 0.247422 0.201466
0 0.770666 0.070817 0.223706 0.141634
0 0.207969 0.236961 0.256560 0.134759
0 0.183904 0.486597 0.274514 0.107954
0 0.181730 0.643829 0.287658 0.098477
0 0.770722 0.929463 0.271291 0.138577
0 0.237609 0.583399 0.288630 0.104602
1 0.801619 0.498063 0.054871 0.061906
1 0.832924 0.296868 0.045726 0.042209
1 0.779460 0.076445 0.041505 0.038457
1 0.188532 0.733962 0.050650 0.042209
1 0.148434 0.671118 0.054871 0.060968
1 0.227927 0.595143 0.052057 0.057216
1 0.147730 0.475551 0.046430 0.052526
1 0.193105 0.220423 0.048540 0.054402
1 0.763577 0.983146 0.045880 0.033708
1 0.176030 0.963795 0.044944 0.037453
0 0.217201 0.713800 0.286686 0.160674