0 0.750952 0.807040 0.278466 0.181298
0 0.788630 0.509718 0.304179 0.120505
0 0.803207 0.325721 0.245870 0.133463
0 0.762877 0.157272 0.246842 0.200842
0 0.756933 0.070957 0.229373 0.141914
0 0.105777 0.391639 0.211553 0.169417
0 0.233006 0.592409 0.305281 0.139714
0 0.175662 0.665567 0.334158 0.129813
0 0.166174 0.811331 0.325083 0.194719
0 0.764771 0.937844 0.299505 0.124312
1 0.758996 0.859186 0.053630 0.072607
1 0.761471 0.981848 0.050330 0.036304
1 0.793649 0.494499 0.065182 0.058306
1 0.828303 0.282178 0.047030 0.045105
1 0.777148 0.072057 0.047030 0.045105
1 0.139359 0.331683 0.055281 0.053905
1 0.224755 0.595710 0.047855 0.053905
1 0.146784 0.672717 0.053630 0.062706
1 0.159986 0.845985 0.061881 0.063806
1 0.170068 0.969712 0.050534 0.040168
0 0.180272 0.887431 0.255588 0.147716