0 0.791199 0.504994 0.318352 0.096130
0 0.194359 0.778493 0.250737 0.131977
0 0.771092 0.746040 0.263453 0.157775
0 0.774101 0.624500 0.292420 0.116833
0 0.764190 0.442681 0.279088 0.061655
0 0.764942 0.187646 0.252379 0.136640
0 0.764054 0.283445 0.307364 0.101635
0 0.807445 0.244154 0.244181 0.095299
0 0.764959 0.090571 0.199286 0.125040
0 0.171509 0.475115 0.289349 0.063670
0 0.768538 0.964931 0.275658 0.059114
0 0.755451 0.849854 0.257805 0.129576
1 0.801619 0.498063 0.054871 0.061906
1 0.764513 0.985643 0.047753 0.028714
1 0.164188 0.844449 0.046905 0.050948
1 0.811809 0.778540 0.052263 0.045504
1 0.816060 0.638148 0.049214 0.058677
1 0.781497 0.411628 0.039908 0.052526
1 0.757799 0.226121 0.041682 0.043583
1 0.780012 0.069141 0.044007 0.042447
1 0.143686 0.472982 0.046146 0.058463
1 0.763625 0.913784 0.044007 0.041199
0 0.763362 0.921121 0.257532 0.082928