0 0.767263 0.234868 0.219949 0.168798
0 0.790921 0.327792 0.254476 0.112532
0 0.799872 0.422421 0.303069 0.083546
0 0.789642 0.510230 0.320972 0.109122
0 0.770460 0.650043 0.280051 0.177323
0 0.751279 0.806905 0.280051 0.184143
0 0.757673 0.937553 0.269821 0.124893
0 0.211123 0.245098 0.237600 0.141517
0 0.192805 0.378090 0.257733 0.155158
0 0.223060 0.492327 0.259419 0.114237
0 0.220655 0.581841 0.310876 0.088662
0 0.173913 0.657715 0.296675 0.107417
0 0.194373 0.795823 0.273657 0.155158
0 0.196292 0.899829 0.221228 0.179028
1 0.186103 0.219469 0.043732 0.053126
1 0.132734 0.329842 0.051668 0.055250
1 0.223785 0.605712 0.058824 0.051151
1 0.145752 0.674279 0.056324 0.063492
1 0.160836 0.852446 0.049563 0.051830
1 0.821672 0.286848 0.041788 0.032394
1 0.792517 0.497408 0.049563 0.051830
1 0.788363 0.704604 0.057545 0.068201
1 0.757033 0.975916 0.058824 0.048167
1 0.170098 0.967178 0.040877 0.047741
1 0.810102 0.174339 0.047315 0.044331
1 0.758318 0.855037 0.046047 0.059605