0 0.223078 0.244933 0.242074 0.140336
0 0.184159 0.390509 0.275024 0.149012
0 0.222847 0.568767 0.310379 0.103845
0 0.172889 0.639715 0.313912 0.116528
0 0.178041 0.787775 0.302811 0.155724
0 0.161801 0.874554 0.323602 0.110583
0 0.769055 0.939358 0.313020 0.121284
0 0.748543 0.791914 0.268430 0.166468
0 0.790087 0.504535 0.318756 0.097182
0 0.798813 0.317198 0.256602 0.106453
0 0.771184 0.241716 0.247719 0.171897
0 0.764748 0.155906 0.225318 0.128139
1 0.190279 0.222354 0.043698 0.061831
1 0.141231 0.327586 0.050832 0.070155
1 0.225505 0.596314 0.049941 0.060642
1 0.145690 0.671225 0.056183 0.063020
1 0.163526 0.845422 0.045482 0.052319
1 0.226397 0.812128 0.044590 0.042806
1 0.765487 0.857313 0.049049 0.057075
1 0.801159 0.501189 0.066885 0.065398
1 0.831926 0.286564 0.039239 0.040428
1 0.810969 0.176576 0.043698 0.046373
1 0.765487 0.983353 0.050832 0.033294
1 0.165209 0.961937 0.056365 0.042760