0 0.209774 0.247660 0.250452 0.138015
0 0.190924 0.386337 0.259400 0.163993
0 0.319063 0.156250 0.241875 0.187500
0 0.223750 0.603333 0.312500 0.176667
0 0.195334 0.670486 0.264331 0.120694
0 0.192522 0.843333 0.258707 0.238334
0 0.176875 0.904167 0.258750 0.171667
0 0.764687 0.070000 0.221875 0.140000
0 0.772188 0.137083 0.271875 0.189167
0 0.795625 0.236667 0.283750 0.176667
0 0.801562 0.322917 0.266875 0.124167
0 0.786224 0.508485 0.318803 0.141363
0 0.762101 0.812172 0.306701 0.142323
0 0.767813 0.917083 0.274375 0.099167
0 0.755938 0.965833 0.276875 0.068333
1 0.185625 0.217500 0.046250 0.051667
1 0.132813 0.326250 0.054375 0.062500
1 0.223438 0.596667 0.056875 0.056667
1 0.143437 0.671250 0.054375 0.065833
1 0.159375 0.850417 0.048750 0.052500
1 0.170625 0.964167 0.046250 0.036667
1 0.771563 0.065000 0.043125 0.050000
1 0.812500 0.172083 0.047500 0.047500
1 0.824375 0.281250 0.047500 0.047500
1 0.786875 0.494583 0.061250 0.057500
1 0.761563 0.852917 0.046875 0.075833
1 0.758437 0.979167 0.045625 0.041666
1 0.314684 0.082363 0.051165 0.043261