1 0.143329 0.278732 0.041612 0.066050
1 0.249339 0.304491 0.041612 0.077939
1 0.432133 0.216645 0.044584 0.087186
1 0.430647 0.342801 0.047556 0.077939
1 0.570343 0.429987 0.033686 0.064729
1 0.780383 0.377147 0.049538 0.085865
1 0.812583 0.284016 0.038639 0.071334
1 0.145310 0.822325 0.039630 0.067371
1 0.026915 0.846103 0.030713 0.056803
1 0.488606 0.302510 0.042602 0.068692
1 0.699141 0.921400 0.035667 0.062087
1 0.310766 0.952444 0.043593 0.066050
0 0.553996 0.377147 0.100066 0.336856
0 0.704590 0.329590 0.129789 0.342140
0 0.311757 0.287318 0.144650 0.365918
0 0.223085 0.283355 0.159511 0.331572
0 0.088342 0.317701 0.173382 0.305152
0 0.201307 0.793538 0.135772 0.304602
0 0.505143 0.290864 0.103416 0.377322
0 0.866237 0.269289 0.100373 0.298156
1 0.011176 0.321186 0.022352 0.051830
1 0.929543 0.289440 0.018465 0.063492
1 0.990768 0.361354 0.018464 0.057013
1 0.454325 0.987123 0.045675 0.025753
0 0.403790 0.302397 0.080661 0.371882
0 0.790087 0.308228 0.079689 0.339488
0 0.080175 0.833657 0.074830 0.278588
0 0.437318 0.200680 0.038873 0.388727
0 0.655491 0.863379 0.107872 0.273242
1 0.284257 0.987771 0.034014 0.024457
0 0.283771 0.170230 0.087464 0.304503