0 0.554063 0.800000 0.071875 0.400000
0 0.463750 0.797917 0.052500 0.394167
0 0.399375 0.735000 0.057500 0.391667
0 0.646631 0.761647 0.101082 0.361897
0 0.765938 0.788333 0.068125 0.343333
0 0.176789 0.710483 0.093594 0.341098
0 0.557092 0.365225 0.096714 0.369384
0 0.296901 0.756656 0.086730 0.346922
0 0.849688 0.595000 0.125625 0.330000
0 0.860938 0.785417 0.094375 0.335833
0 0.921875 0.724583 0.136250 0.299167
0 0.807500 0.131250 0.075000 0.262500
1 0.568750 0.745000 0.037500 0.081667
1 0.456250 0.775417 0.030000 0.070833
1 0.385313 0.695000 0.035625 0.066667
1 0.262895 0.752080 0.033694 0.066556
1 0.122504 0.692596 0.032446 0.072379
1 0.684380 0.769551 0.038062 0.069884
1 0.821562 0.786667 0.036875 0.065000
1 0.913438 0.555000 0.030625 0.058333
1 0.920937 0.765417 0.024375 0.065833
1 0.958125 0.695000 0.018750 0.050000
1 0.888750 0.037917 0.035000 0.052500
1 0.990938 0.104167 0.018124 0.041667
0 0.110649 0.139351 0.083611 0.272047
1 0.062916 0.104409 0.024334 0.044093
1 0.631344 0.037854 0.041805 0.075707
1 0.556468 0.398087 0.038062 0.062396