0 0.170608 0.564189 0.131757 0.380631
1 0.122466 0.503378 0.042230 0.065315
1 0.233108 0.301802 0.043919 0.063063
1 0.315034 0.237613 0.045608 0.065315
1 0.440878 0.256757 0.037162 0.094595
1 0.581926 0.215090 0.042230 0.083333
1 0.793074 0.173423 0.042230 0.067568
1 0.120777 0.792793 0.028716 0.063063
1 0.735642 0.931306 0.038851 0.056306
1 0.908784 0.191441 0.037162 0.072072
0 0.715372 0.871622 0.096284 0.256756
0 0.565878 0.195946 0.081081 0.364865
0 0.460304 0.219595 0.099662 0.416667
0 0.738176 0.183559 0.148649 0.335586
0 0.333615 0.239865 0.109797 0.335586
0 0.294764 0.381757 0.190878 0.245495
0 0.858953 0.195946 0.150338 0.342342
1 0.962838 0.229730 0.033784 0.067568
1 0.905405 0.925676 0.040541 0.054054
0 0.850507 0.896396 0.143581 0.180180
0 0.185811 0.867117 0.165541 0.261261
0 0.829932 0.344509 0.167153 0.243602