1 0.706077 0.456407 0.075297 0.059445
1 0.734313 0.578600 0.068362 0.063408
1 0.768494 0.680978 0.055482 0.072655
1 0.778897 0.850727 0.062417 0.050198
1 0.042272 0.457067 0.053501 0.066050
1 0.030878 0.548217 0.050528 0.060766
1 0.079921 0.750330 0.051519 0.076618
1 0.101717 0.876486 0.053501 0.062087
1 0.038804 0.345443 0.042602 0.043593
1 0.650099 0.284676 0.050528 0.059445
1 0.042272 0.145971 0.057464 0.038309
0 0.257761 0.322985 0.111955 0.323646
0 0.547556 0.398943 0.223910 0.177015
0 0.696664 0.289300 0.224901 0.169089
0 0.659511 0.189564 0.249670 0.223250
0 0.726387 0.420079 0.286328 0.163804
0 0.770476 0.541612 0.311096 0.169089
0 0.775429 0.653897 0.267503 0.134742
0 0.808620 0.778071 0.252642 0.206077
0 0.122193 0.856011 0.244386 0.155878
0 0.123184 0.733818 0.246367 0.159841
0 0.094452 0.545575 0.188904 0.116248
0 0.108157 0.449141 0.197160 0.076618
0 0.092470 0.348745 0.184940 0.068692
0 0.095443 0.195509 0.190885 0.092470
0 0.574802 0.064729 0.179326 0.129458
1 0.016035 0.254454 0.030126 0.027211
1 0.511662 0.409945 0.041788 0.042760
1 0.617104 0.166991 0.034985 0.046647