1 0.046235 0.241083 0.039630 0.072655
1 0.237450 0.214003 0.053501 0.081902
1 0.313738 0.285337 0.047556 0.073976
1 0.424703 0.198811 0.053501 0.080581
1 0.467801 0.307794 0.050528 0.089828
1 0.543593 0.408851 0.053501 0.080581
1 0.614432 0.330251 0.064399 0.089828
1 0.733722 0.214934 0.046647 0.077745
1 0.871532 0.233818 0.045575 0.073976
0 0.135217 0.231131 0.106631 0.348558
0 0.290951 0.208719 0.089168 0.369881
0 0.360799 0.263540 0.117900 0.381770
0 0.434610 0.210040 0.065390 0.398943
0 0.482662 0.278071 0.094122 0.381770
0 0.550528 0.354690 0.055482 0.421400
0 0.604524 0.299868 0.072325 0.404227
0 0.703104 0.203435 0.081242 0.391017
0 0.792768 0.223910 0.111955 0.400264
1 0.903790 0.314707 0.031098 0.075154
1 0.932459 0.256398 0.032070 0.067379
0 0.838678 0.293975 0.085520 0.321348