1 0.238441 0.272127 0.041612 0.079260
1 0.416777 0.205416 0.043593 0.080581
1 0.395476 0.383091 0.050528 0.081902
1 0.525264 0.300528 0.048547 0.077939
1 0.631275 0.356671 0.042602 0.079260
1 0.744221 0.431308 0.048547 0.077939
1 0.780878 0.246367 0.048547 0.072655
1 0.857662 0.239762 0.031704 0.077939
1 0.909181 0.295244 0.035667 0.056803
1 0.851717 0.928666 0.027741 0.063408
1 0.888871 0.974901 0.030713 0.050198
1 0.705581 0.950462 0.040621 0.056803
1 0.432459 0.956754 0.034985 0.050534
0 0.183950 0.212021 0.110964 0.331572
0 0.286493 0.284676 0.121863 0.323646
0 0.383587 0.359974 0.131770 0.321004
0 0.427180 0.196830 0.084214 0.393659
0 0.737285 0.223910 0.082232 0.352708
0 0.079203 0.860787 0.068999 0.278426
1 0.051020 0.864755 0.022352 0.045351
1 0.564140 0.927600 0.032070 0.051830
1 0.010204 0.309524 0.020408 0.041464
0 0.432459 0.875040 0.064140 0.249919
0 0.550534 0.858844 0.070943 0.282312
0 0.794461 0.873745 0.121477 0.252510
0 0.679786 0.876336 0.088435 0.247328
0 0.969874 0.503239 0.060252 0.247489
0 0.086006 0.304341 0.102041 0.253968
0 0.606900 0.303045 0.070943 0.378361
0 0.696307 0.390509 0.090379 0.361516
0 0.803693 0.242144 0.085520 0.321348
0 0.871234 0.289440 0.092323 0.291545
0 0.501458 0.259637 0.103013 0.260447