1 0.237946 0.264201 0.038639 0.073976
1 0.395476 0.383752 0.060436 0.072655
1 0.418758 0.199472 0.039630 0.092470
1 0.526255 0.304491 0.052510 0.077939
1 0.631275 0.355350 0.052510 0.076618
1 0.741248 0.429326 0.050528 0.079260
1 0.784346 0.244386 0.051519 0.073976
1 0.860139 0.241083 0.034676 0.070013
1 0.907695 0.291942 0.024769 0.063408
1 0.847259 0.907530 0.044584 0.058124
1 0.432133 0.957728 0.052510 0.058124
1 0.704590 0.945178 0.046565 0.059445
0 0.270641 0.280713 0.131770 0.323646
0 0.382100 0.335535 0.122853 0.383091
0 0.429161 0.204756 0.086196 0.409511
0 0.508421 0.286658 0.119881 0.430647
0 0.611460 0.309775 0.094122 0.445178
0 0.696664 0.387054 0.090159 0.361955
0 0.086978 0.301101 0.105928 0.252672
1 0.140428 0.974895 0.039845 0.047943
0 0.734694 0.208455 0.069971 0.370586
0 0.801263 0.234370 0.096210 0.334305
0 0.871234 0.285552 0.103984 0.301911
0 0.970360 0.503887 0.059280 0.256560
0 0.788144 0.872449 0.104956 0.255102
0 0.680758 0.873745 0.098154 0.252510
0 0.551020 0.856900 0.073858 0.286200
1 0.564140 0.928895 0.039845 0.062196
0 0.431001 0.875040 0.057337 0.249919
0 0.078717 0.860787 0.068027 0.278426
1 0.009718 0.304989 0.019436 0.050534
1 0.049563 0.863460 0.023324 0.053126