0 0.593750 0.865991 0.146959 0.240991
0 0.652027 0.255631 0.070946 0.376126
0 0.579392 0.220721 0.064189 0.382883
0 0.528716 0.201577 0.054054 0.380631
0 0.486486 0.251126 0.060811 0.394144
1 0.679899 0.255631 0.042230 0.074324
1 0.528716 0.193694 0.043919 0.081081
1 0.403716 0.230856 0.043919 0.074324
1 0.304899 0.234234 0.048986 0.081081
1 0.222973 0.263514 0.047297 0.067568
0 0.419764 0.210586 0.069257 0.407658
0 0.339527 0.212838 0.104730 0.394144
0 0.264358 0.234234 0.113176 0.423423
0 0.199324 0.346847 0.091216 0.373874
0 0.710304 0.416667 0.099662 0.351351
1 0.082770 0.273649 0.037162 0.074324
1 0.043919 0.881757 0.037162 0.051802
1 0.771959 0.506757 0.030405 0.072072
1 0.782095 0.608108 0.033784 0.072072
1 0.734797 0.877252 0.037162 0.056306
0 0.714527 0.760135 0.104730 0.367117
1 0.785473 0.193694 0.043919 0.074324
0 0.085304 0.273649 0.126689 0.310811
0 0.120777 0.876689 0.190878 0.246622
0 0.759291 0.191441 0.113176 0.344595
1 0.136054 0.392452 0.042760 0.062196