1 0.237946 0.270145 0.048547 0.083223
1 0.417768 0.205416 0.051519 0.080581
1 0.392008 0.382431 0.053501 0.075297
1 0.524769 0.303831 0.039630 0.073976
1 0.632761 0.357992 0.041612 0.076618
1 0.745277 0.437259 0.046434 0.079247
1 0.777906 0.243725 0.046565 0.080581
1 0.860634 0.241744 0.025760 0.071334
1 0.909181 0.299207 0.037649 0.070013
1 0.432629 0.959049 0.043593 0.066050
1 0.706572 0.947820 0.052510 0.070013
1 0.852708 0.931308 0.029723 0.050198
0 0.286988 0.274769 0.120872 0.335535
0 0.181473 0.219287 0.086196 0.356671
0 0.505449 0.260238 0.107992 0.404227
0 0.603038 0.288639 0.091149 0.421400
0 0.690225 0.387715 0.089168 0.336856
0 0.737285 0.210040 0.092140 0.393659
1 0.139456 0.976190 0.034014 0.042760
1 0.010690 0.308876 0.021380 0.045351
1 0.888241 0.975462 0.019436 0.049076
1 0.567055 0.930191 0.032070 0.057013
1 0.134111 0.233722 0.025267 0.068675
0 0.085034 0.308228 0.113703 0.259151
0 0.383868 0.358115 0.130224 0.325235
0 0.426628 0.219469 0.066084 0.358925
0 0.798834 0.236314 0.095238 0.338192
0 0.871234 0.286848 0.090379 0.288954
0 0.971331 0.503239 0.057337 0.244898
0 0.797862 0.876984 0.108844 0.246032
0 0.677843 0.877632 0.098154 0.244736
0 0.554422 0.860868 0.074830 0.275996
0 0.436832 0.875688 0.065112 0.248623
0 0.079689 0.861435 0.066084 0.277130
1 0.050534 0.860868 0.021380 0.045351