1 0.707969 0.457888 0.051506 0.037577
1 0.733524 0.569971 0.050931 0.046647
1 0.770832 0.690273 0.046286 0.051423
1 0.778426 0.852446 0.048591 0.057013
1 0.103699 0.876417 0.053501 0.040168
1 0.079425 0.753075 0.060436 0.052635
1 0.041777 0.455412 0.058454 0.045583
1 0.025429 0.549239 0.041612 0.044056
1 0.017173 0.256275 0.034346 0.047556
1 0.045244 0.142668 0.049538 0.034346
1 0.653061 0.284257 0.046647 0.034985
0 0.488111 0.281374 0.225892 0.229855
0 0.548443 0.400085 0.228082 0.168731
0 0.695821 0.304989 0.200194 0.164561
0 0.718277 0.446098 0.262182 0.148755
0 0.727405 0.531098 0.224490 0.176223
0 0.768222 0.654843 0.261419 0.125688
0 0.811004 0.773471 0.261374 0.212636
0 0.127147 0.853369 0.254293 0.153236
0 0.131605 0.729855 0.263210 0.141347
0 0.094752 0.542760 0.189504 0.103661
0 0.104957 0.439055 0.209912 0.090792
0 0.097182 0.349299 0.194363 0.119997
0 0.097919 0.213342 0.195838 0.122853
1 0.435374 0.246680 0.046647 0.047943
1 0.510690 0.405410 0.035957 0.044056
0 0.078231 0.288792 0.156462 0.054422
1 0.043732 0.341918 0.031098 0.038873
0 0.120019 0.608196 0.226433 0.089407