1 0.200793 0.497358 0.053501 0.067371
1 0.063078 0.470277 0.029723 0.060766
1 0.128963 0.635403 0.038639 0.071334
1 0.336526 0.588507 0.043593 0.064729
1 0.386063 0.693527 0.043593 0.066050
1 0.566380 0.743065 0.039630 0.062087
1 0.457893 0.779392 0.034676 0.081902
1 0.484643 0.748349 0.036658 0.059445
1 0.645145 0.668428 0.036658 0.084544
1 0.709544 0.726552 0.040621 0.084544
1 0.762054 0.724571 0.040621 0.056803
1 0.821004 0.788639 0.033686 0.066050
1 0.920575 0.768824 0.016843 0.055482
1 0.914135 0.558124 0.039630 0.056803
1 0.886889 0.037649 0.038639 0.056803
1 0.821995 0.595773 0.037649 0.044914
0 0.047886 0.560106 0.095772 0.324967
0 0.144815 0.517834 0.153567 0.285337
0 0.254789 0.527741 0.074306 0.326288
0 0.403897 0.685601 0.083223 0.298547
0 0.498018 0.669089 0.065390 0.365918
0 0.462351 0.810436 0.065390 0.368560
0 0.548052 0.800528 0.070343 0.385733
0 0.617404 0.676354 0.064399 0.340819
0 0.666942 0.741744 0.060436 0.342140
0 0.711526 0.753633 0.076288 0.355350
0 0.763540 0.784016 0.077279 0.344782
0 0.845031 0.788639 0.123350 0.301189
0 0.855310 0.597967 0.128058 0.307369
0 0.802235 0.128199 0.098154 0.256398
1 0.254616 0.757208 0.036929 0.066084
0 0.181730 0.655491 0.099125 0.321348
0 0.269679 0.737771 0.162293 0.257856