1 0.283520 0.202774 0.056473 0.099075
1 0.050198 0.239762 0.043593 0.080581
1 0.116083 0.231176 0.046565 0.073976
1 0.136889 0.335535 0.042602 0.079260
1 0.379128 0.361295 0.041612 0.072655
1 0.452939 0.315059 0.048547 0.085865
1 0.541612 0.319022 0.055482 0.099075
1 0.653071 0.255614 0.032695 0.083223
1 0.695178 0.277411 0.053501 0.076618
1 0.793758 0.474240 0.034676 0.071334
1 0.873018 0.269485 0.040621 0.079260
1 0.926024 0.288639 0.027741 0.062087
1 0.844782 0.498018 0.047556 0.073976
0 0.535172 0.251651 0.096103 0.405548
0 0.460865 0.276090 0.058454 0.414795
0 0.411823 0.339498 0.101057 0.385733
0 0.320178 0.192206 0.044584 0.384412
0 0.748184 0.428005 0.137715 0.340819
0 0.683785 0.254954 0.078269 0.380449
0 0.627312 0.240423 0.113937 0.417437
0 0.654062 0.865258 0.092140 0.269484
0 0.218131 0.302510 0.133752 0.369881
1 0.006803 0.936022 0.013605 0.037577
1 0.057823 0.965177 0.016521 0.049239
1 0.939261 0.976757 0.024295 0.046485
1 0.890671 0.969064 0.028183 0.041464
1 0.849646 0.902942 0.022213 0.043809
1 0.261905 0.060091 0.049563 0.055718
0 0.804179 0.239647 0.109329 0.332577
0 0.854389 0.287968 0.105280 0.299644
0 0.909054 0.397298 0.110139 0.320700
0 0.279802 0.222911 0.079365 0.360652
0 0.151603 0.279074 0.108844 0.330418
0 0.570457 0.889942 0.062196 0.220116
1 0.686103 0.944444 0.029155 0.057013
0 0.046161 0.246680 0.086492 0.299320