1 0.062087 0.468296 0.031704 0.072655
1 0.127477 0.638045 0.035667 0.073976
1 0.203269 0.493395 0.044584 0.075297
1 0.332563 0.591810 0.045575 0.063408
1 0.385073 0.692206 0.039630 0.073976
1 0.455416 0.772787 0.033686 0.089828
1 0.252807 0.758256 0.046565 0.068692
1 0.566380 0.750330 0.037649 0.087186
1 0.711526 0.721929 0.030713 0.067371
1 0.762054 0.718626 0.048547 0.066050
1 0.822490 0.782695 0.036658 0.059445
1 0.921070 0.771466 0.015852 0.052840
1 0.825958 0.595112 0.039630 0.059445
1 0.911162 0.566050 0.025760 0.064729
1 0.630779 0.447160 0.041612 0.056803
0 0.048382 0.555482 0.096764 0.318362
0 0.135898 0.515852 0.145641 0.291942
0 0.251321 0.517834 0.091149 0.309115
0 0.340489 0.622193 0.097094 0.372523
0 0.403402 0.691546 0.078269 0.313078
0 0.459875 0.801189 0.068362 0.397622
0 0.543098 0.794584 0.078269 0.410832
0 0.604029 0.499339 0.108983 0.330251
0 0.658520 0.748349 0.067371 0.344782
0 0.708554 0.748349 0.080251 0.355350
0 0.762550 0.792602 0.095112 0.364597
0 0.847259 0.795244 0.106011 0.298547
0 0.871532 0.591149 0.172391 0.342140
0 0.270165 0.735828 0.161322 0.253968
0 0.182216 0.657434 0.098154 0.317460