1 0.393989 0.380449 0.057464 0.079260
1 0.417272 0.205416 0.048547 0.085865
1 0.521301 0.303170 0.048547 0.080581
1 0.635238 0.360634 0.052510 0.081902
1 0.742239 0.427345 0.036658 0.077939
1 0.781869 0.247688 0.042602 0.077939
1 0.858653 0.241744 0.041612 0.071334
1 0.906209 0.293923 0.033686 0.056803
1 0.707067 0.945178 0.043593 0.064729
1 0.432629 0.959049 0.047556 0.076618
1 0.855680 0.935931 0.047556 0.054161
1 0.889366 0.976882 0.031704 0.040951
0 0.430152 0.201453 0.074306 0.402906
0 0.512384 0.262219 0.117900 0.416116
0 0.606506 0.278732 0.080251 0.396301
0 0.697160 0.392999 0.091149 0.355350
0 0.738276 0.220608 0.072325 0.332893
0 0.273613 0.275429 0.149604 0.321004
0 0.076774 0.860139 0.062196 0.279721
0 0.083090 0.308876 0.111759 0.263039
1 0.008746 0.304989 0.017492 0.055718
0 0.390185 0.357467 0.119534 0.329122
0 0.800777 0.240849 0.093294 0.321348
0 0.871720 0.286200 0.101069 0.279883
0 0.970360 0.503239 0.059280 0.247489
0 0.789602 0.875040 0.100097 0.249919
0 0.678328 0.878280 0.087464 0.243440
0 0.553936 0.860220 0.077745 0.277292
1 0.564626 0.930191 0.034985 0.057013
0 0.432945 0.875040 0.063168 0.249919
1 0.140914 0.975543 0.033042 0.044056
1 0.130709 0.231131 0.020408 0.066084
1 0.050534 0.864108 0.023324 0.046647