1 0.037814 0.142668 0.056473 0.047556
1 0.017173 0.251651 0.034346 0.040951
1 0.043706 0.330649 0.042708 0.053635
1 0.046647 0.454752 0.044704 0.044262
1 0.034014 0.550924 0.034985 0.047426
1 0.084062 0.753968 0.047619 0.049239
1 0.097754 0.876635 0.059445 0.038012
1 0.734208 0.571914 0.051506 0.047943
1 0.309280 0.547556 0.052510 0.085865
1 0.652572 0.281641 0.051512 0.042808
1 0.773081 0.687885 0.053450 0.044056
1 0.777940 0.845970 0.051506 0.054428
0 0.329095 0.500661 0.161493 0.340819
0 0.548547 0.392338 0.227873 0.182299
0 0.679300 0.312763 0.235180 0.169744
0 0.591149 0.111625 0.192206 0.223250
0 0.719763 0.440128 0.259210 0.131633
0 0.717971 0.528614 0.223921 0.168664
0 0.768866 0.653991 0.250412 0.123985
0 0.810108 0.772848 0.243730 0.219166
0 0.123679 0.839498 0.247358 0.130779
0 0.118725 0.729855 0.237450 0.117569
0 0.098910 0.341549 0.197820 0.099214
0 0.104855 0.208058 0.209709 0.104359
0 0.080175 0.283609 0.160350 0.059605
1 0.509718 0.406058 0.043732 0.037577
0 0.104470 0.439099 0.208940 0.059605
1 0.708455 0.461127 0.052478 0.057013