1 0.060601 0.469617 0.030713 0.064729
1 0.130945 0.631440 0.046565 0.076618
1 0.206242 0.498679 0.052510 0.070013
1 0.335040 0.593791 0.048547 0.072655
1 0.388045 0.690885 0.045575 0.076618
1 0.455911 0.777411 0.036658 0.080581
1 0.569353 0.750991 0.043593 0.088507
1 0.646631 0.668428 0.043593 0.087186
1 0.708058 0.719287 0.035667 0.070013
1 0.762550 0.726552 0.053501 0.066050
1 0.822490 0.789960 0.044584 0.068692
1 0.922556 0.770806 0.036658 0.064729
1 0.914135 0.560766 0.035667 0.059445
1 0.888871 0.040291 0.046565 0.059445
0 0.049868 0.542933 0.099736 0.324967
0 0.137880 0.525930 0.155548 0.290280
0 0.349901 0.613606 0.102048 0.350066
0 0.278567 0.742404 0.153567 0.282695
0 0.181473 0.661162 0.088177 0.305152
0 0.403402 0.681638 0.086196 0.311757
0 0.464333 0.801849 0.077279 0.396301
0 0.553005 0.797886 0.076288 0.404227
0 0.621367 0.685601 0.078269 0.380449
0 0.665951 0.743065 0.050528 0.339498
0 0.711030 0.743065 0.075297 0.357992
0 0.766017 0.785997 0.088177 0.343461
0 0.860179 0.605906 0.135814 0.325838
0 0.839828 0.799207 0.099075 0.327609
0 0.797165 0.128199 0.079139 0.256398
1 0.252672 0.754616 0.036929 0.068675
0 0.230321 0.566731 0.106900 0.294137