1 0.139861 0.235799 0.042602 0.075297
1 0.183950 0.212682 0.041612 0.063408
1 0.283025 0.200132 0.037649 0.085865
1 0.384577 0.233157 0.060436 0.109643
1 0.453930 0.223910 0.036658 0.088507
1 0.703104 0.230515 0.053501 0.088507
1 0.848745 0.256935 0.035667 0.080581
1 0.906704 0.307133 0.042602 0.072655
1 0.988276 0.370542 0.023448 0.067371
1 0.907199 0.511229 0.031704 0.076618
1 0.178996 0.978864 0.037649 0.042272
1 0.080175 0.971082 0.032070 0.045203
0 0.485634 0.221929 0.084214 0.391017
0 0.408355 0.200793 0.080251 0.401585
0 0.329590 0.190885 0.067371 0.381770
0 0.271136 0.243725 0.112946 0.344782
0 0.122523 0.363276 0.120872 0.361955
0 0.669914 0.211361 0.082232 0.393659
0 0.777411 0.231176 0.071334 0.361955
0 0.876982 0.486129 0.129789 0.256275
0 0.840324 0.294584 0.121863 0.311757
0 0.069518 0.271466 0.121863 0.302510
1 0.039359 0.423550 0.030126 0.062196
1 0.947522 0.971007 0.029155 0.037577
1 0.899903 0.919825 0.025267 0.038873
0 0.209427 0.252511 0.127308 0.282475
0 0.925656 0.360058 0.111759 0.261743
0 0.857629 0.883463 0.090379 0.233074
0 0.894072 0.891885 0.103013 0.216229