1 0.110634 0.245046 0.041612 0.077939
1 0.153236 0.248349 0.031704 0.084544
1 0.250330 0.404888 0.051519 0.077939
1 0.406869 0.336196 0.045575 0.080581
1 0.473745 0.204095 0.050528 0.093791
1 0.692206 0.441215 0.041612 0.068692
1 0.537649 0.434610 0.045575 0.066050
1 0.774934 0.223910 0.042602 0.083223
1 0.857134 0.224442 0.040556 0.068950
1 0.910667 0.456407 0.048547 0.072655
1 0.034346 0.480845 0.033686 0.060766
1 0.180978 0.908851 0.035667 0.071334
1 0.545669 0.960560 0.041800 0.078879
1 0.619881 0.387715 0.063408 0.070013
0 0.599571 0.344782 0.094122 0.369881
0 0.676354 0.382431 0.093131 0.376486
0 0.709544 0.196830 0.070343 0.393659
0 0.483653 0.197490 0.058454 0.394980
0 0.299868 0.345443 0.079260 0.387054
0 0.231506 0.237120 0.091149 0.371202
0 0.160667 0.431308 0.088177 0.355350
0 0.842305 0.387054 0.119881 0.340819
0 0.802180 0.212021 0.085205 0.350066
0 0.209427 0.857548 0.086492 0.284904
0 0.140428 0.860139 0.063168 0.279721
0 0.087464 0.863379 0.075802 0.273242
0 0.859133 0.856252 0.087464 0.287496
1 0.101115 0.878261 0.024527 0.037639
1 0.019668 0.915899 0.026378 0.040107
0 0.922070 0.376001 0.135592 0.299258
0 0.633301 0.196446 0.082836 0.357259
0 0.536119 0.355639 0.043963 0.384408
0 0.402379 0.251978 0.091166 0.321471
0 0.175621 0.234702 0.087464 0.354790
0 0.120783 0.438320 0.096256 0.314067
0 0.076357 0.293319 0.127725 0.285683
1 0.872553 0.981242 0.024527 0.037515