1 0.076453 0.428005 0.040621 0.079260
1 0.208223 0.491413 0.052510 0.066050
1 0.128468 0.633421 0.037649 0.072655
1 0.333554 0.592470 0.051519 0.070013
1 0.385073 0.694188 0.043593 0.083223
1 0.456407 0.776750 0.031704 0.079260
1 0.561922 0.742404 0.040621 0.087186
1 0.764036 0.721929 0.052510 0.075297
1 0.914135 0.551519 0.035667 0.059445
1 0.820013 0.787318 0.031704 0.071334
1 0.921565 0.769485 0.016843 0.059445
1 0.253303 0.756275 0.047556 0.070013
1 0.884908 0.037649 0.034676 0.064729
0 0.138871 0.488111 0.125826 0.381770
0 0.249835 0.521136 0.098085 0.321004
0 0.336526 0.622853 0.073316 0.368560
0 0.396466 0.679657 0.082232 0.307794
0 0.464828 0.800528 0.070343 0.398943
0 0.558950 0.788639 0.094122 0.422721
0 0.712021 0.750330 0.087186 0.359313
0 0.769980 0.802510 0.092140 0.355350
0 0.844287 0.603038 0.098085 0.360634
0 0.845773 0.795905 0.108983 0.278732
0 0.271623 0.733884 0.156463 0.268222
0 0.183673 0.658730 0.093294 0.317460
0 0.801749 0.127551 0.099125 0.255102
0 0.906706 0.748137 0.126336 0.314869