0 0.270641 0.732497 0.167437 0.265522
0 0.396466 0.688904 0.080251 0.302510
0 0.460370 0.803831 0.061427 0.352708
0 0.546070 0.795244 0.066380 0.396301
0 0.616413 0.681638 0.064399 0.335535
0 0.179987 0.659181 0.095112 0.319683
0 0.661988 0.743065 0.044584 0.321004
0 0.839333 0.616909 0.102048 0.309115
0 0.711526 0.739102 0.080251 0.318362
0 0.051189 0.490753 0.091149 0.323646
0 0.139366 0.518494 0.146631 0.294584
1 0.457893 0.782034 0.026750 0.076618
1 0.384082 0.692867 0.029723 0.062087
1 0.061096 0.473580 0.031704 0.059445
1 0.129954 0.634742 0.034676 0.067371
1 0.252807 0.762219 0.044584 0.063408
1 0.566380 0.748349 0.039630 0.077939
1 0.646631 0.665786 0.033686 0.073976
1 0.711526 0.723910 0.028732 0.058124
1 0.759082 0.723250 0.040621 0.048877
1 0.923547 0.768824 0.016843 0.055482
1 0.912153 0.562087 0.031704 0.054161
0 0.760447 0.787010 0.070943 0.320052
0 0.705053 0.333495 0.300292 0.161970
1 0.775996 0.310172 0.047619 0.058309
1 0.884840 0.040006 0.035957 0.059605
0 0.807094 0.126903 0.105928 0.253806