1 0.042768 0.237781 0.032695 0.066050
1 0.081407 0.223250 0.026750 0.066050
1 0.167602 0.240423 0.024769 0.071334
1 0.248844 0.389696 0.040621 0.071334
1 0.328600 0.203435 0.047556 0.076618
1 0.395971 0.335535 0.051519 0.076618
1 0.476222 0.270145 0.033686 0.080581
1 0.566876 0.241083 0.050528 0.099075
1 0.829921 0.462351 0.043593 0.081902
1 0.922061 0.397622 0.037649 0.068692
1 0.875000 0.426684 0.030713 0.055482
0 0.550528 0.193527 0.073316 0.387054
0 0.480680 0.192206 0.078269 0.384412
0 0.415291 0.297226 0.094122 0.364597
0 0.306955 0.354082 0.102734 0.348850
0 0.233488 0.208499 0.075299 0.378273
0 0.153236 0.221698 0.103038 0.317502
0 0.753137 0.408190 0.125826 0.354029
1 0.080175 0.830418 0.024295 0.044056
1 0.213800 0.899093 0.027211 0.044056
1 0.759475 0.942501 0.028183 0.050534
1 0.868319 0.912051 0.020408 0.051830
1 0.014091 0.319890 0.020408 0.069971
0 0.119048 0.818756 0.100097 0.256560
0 0.250243 0.849206 0.152575 0.237123
0 0.717201 0.894477 0.122449 0.211046
0 0.798834 0.864027 0.089407 0.271946
0 0.799806 0.440395 0.093294 0.318756
0 0.843052 0.367185 0.084548 0.294137
0 0.910593 0.403466 0.073858 0.325235
0 0.948494 0.345157 0.101069 0.250081
1 0.940233 0.971007 0.026239 0.040168
0 0.375121 0.258341 0.091351 0.415938
0 0.067806 0.316798 0.118827 0.322761
0 0.100716 0.256133 0.111317 0.352210