1 0.065059 0.469617 0.035667 0.067371
1 0.208223 0.491413 0.048547 0.076618
1 0.130449 0.632761 0.039630 0.068692
1 0.336526 0.591810 0.045575 0.068692
1 0.384577 0.691546 0.040621 0.067371
1 0.452444 0.778732 0.029723 0.083223
1 0.564894 0.747688 0.036658 0.079260
1 0.252312 0.758917 0.041612 0.072655
1 0.820509 0.790621 0.038639 0.077939
1 0.925528 0.766843 0.028732 0.064729
1 0.916612 0.554822 0.030713 0.055482
1 0.888871 0.037649 0.038639 0.064729
0 0.048877 0.553501 0.097754 0.332893
0 0.138871 0.503963 0.159511 0.305152
0 0.255779 0.525760 0.078269 0.332893
0 0.345938 0.616909 0.106011 0.356671
0 0.406869 0.673712 0.093131 0.314399
0 0.463838 0.804422 0.074306 0.391156
0 0.563168 0.798591 0.084548 0.402818
0 0.846764 0.598415 0.110964 0.324967
0 0.842305 0.800528 0.106011 0.301189
0 0.791545 0.791545 0.094266 0.323939
0 0.799320 0.126903 0.094266 0.253806
0 0.270651 0.734532 0.160350 0.259151
0 0.185131 0.660026 0.094266 0.312277