0 0.568412 0.197072 0.086149 0.385135
1 0.585304 0.216216 0.038851 0.090090
1 0.445101 0.260135 0.032095 0.078829
1 0.315878 0.238739 0.040541 0.063063
1 0.122466 0.504505 0.045608 0.058559
1 0.123311 0.791667 0.037162 0.060811
1 0.795608 0.167793 0.043919 0.060811
1 0.910473 0.195946 0.037162 0.054054
0 0.461993 0.239865 0.096284 0.394144
0 0.334459 0.239865 0.101351 0.353604
0 0.739865 0.183559 0.141892 0.340090
0 0.168074 0.538288 0.119932 0.324324
0 0.306588 0.375000 0.167230 0.272523
0 0.166385 0.779279 0.123311 0.283784
0 0.838682 0.190315 0.099662 0.313063
1 0.959670 0.234370 0.032070 0.059605
0 0.833819 0.338678 0.157434 0.242306