1 0.063078 0.472919 0.033686 0.066050
1 0.203765 0.496697 0.043593 0.071334
1 0.129954 0.628137 0.034676 0.067371
1 0.334049 0.593131 0.044584 0.066050
1 0.386559 0.697490 0.040621 0.084544
1 0.454425 0.784016 0.031704 0.083223
1 0.566380 0.746367 0.045575 0.081902
1 0.649604 0.664465 0.041612 0.079260
1 0.708554 0.721268 0.040621 0.073976
1 0.762550 0.724571 0.043593 0.072655
1 0.915621 0.552180 0.034676 0.058124
1 0.821499 0.787979 0.048547 0.064729
1 0.921070 0.768824 0.023778 0.058124
1 0.885403 0.038309 0.041612 0.068692
0 0.048877 0.544914 0.097754 0.326288
0 0.141347 0.517173 0.150594 0.310436
0 0.258752 0.535667 0.078269 0.347424
0 0.187417 0.656539 0.086196 0.314399
0 0.344947 0.629458 0.072325 0.373844
0 0.400429 0.682959 0.082232 0.295905
0 0.533686 0.552180 0.085205 0.351387
0 0.456407 0.816380 0.075297 0.364597
0 0.546070 0.798547 0.070343 0.389696
0 0.615918 0.677015 0.069353 0.328930
0 0.665951 0.740423 0.060436 0.347424
0 0.702114 0.752312 0.091149 0.352708
0 0.765522 0.793263 0.079260 0.344782
0 0.832893 0.802510 0.093131 0.326288
0 0.850727 0.589828 0.126816 0.336856
0 0.799320 0.128199 0.092323 0.256398
0 0.270651 0.737123 0.156463 0.274700
1 0.254616 0.759799 0.042760 0.055718