1 0.061096 0.472919 0.027741 0.068692
1 0.127972 0.635403 0.040621 0.071334
1 0.334544 0.591149 0.049538 0.064729
1 0.386063 0.693527 0.043593 0.073976
1 0.455416 0.780053 0.029723 0.075297
1 0.569353 0.745707 0.049538 0.096433
1 0.646631 0.670410 0.051519 0.085865
1 0.760073 0.725892 0.048547 0.070013
1 0.709544 0.724571 0.032695 0.070013
1 0.820013 0.792602 0.035667 0.076618
0 0.049868 0.541612 0.099736 0.322325
0 0.141347 0.518494 0.136724 0.294584
0 0.188904 0.652576 0.091149 0.319683
0 0.347919 0.612946 0.094122 0.343461
0 0.266678 0.735139 0.161493 0.249670
0 0.402906 0.690225 0.087186 0.326288
0 0.456902 0.797886 0.064399 0.391017
0 0.550033 0.795905 0.078269 0.408190
0 0.617900 0.685601 0.067371 0.340819
0 0.661493 0.737120 0.059445 0.343461
0 0.707067 0.746367 0.079260 0.343461
0 0.767503 0.780053 0.091149 0.347424
0 0.845277 0.787979 0.078269 0.297226
0 0.857166 0.595773 0.135733 0.317041
0 0.797475 0.127551 0.086689 0.255102
1 0.887755 0.040006 0.035957 0.062196
1 0.252672 0.763686 0.038873 0.055718
1 0.911565 0.555718 0.029155 0.057013
1 0.919825 0.770165 0.016521 0.068675