1 0.041281 0.344122 0.035667 0.054161
1 0.019485 0.266182 0.033686 0.033025
1 0.047721 0.148613 0.060436 0.038309
1 0.705581 0.456407 0.070343 0.067371
1 0.738771 0.575958 0.059445 0.063408
1 0.770971 0.685601 0.054491 0.066050
1 0.781869 0.850727 0.060436 0.063408
1 0.085370 0.751651 0.050528 0.079260
1 0.108653 0.879789 0.065390 0.066050
1 0.044254 0.451783 0.045575 0.076618
1 0.033355 0.548877 0.047556 0.056803
1 0.617590 0.165695 0.043732 0.046647
0 0.545079 0.392999 0.207067 0.173052
0 0.688243 0.300528 0.227873 0.186262
0 0.655548 0.197490 0.253633 0.180978
0 0.598085 0.066050 0.227873 0.132100
0 0.728369 0.430647 0.288309 0.153236
0 0.782860 0.535007 0.325958 0.163804
0 0.775429 0.657199 0.261559 0.146631
0 0.812087 0.775429 0.247688 0.206077
0 0.122193 0.848745 0.244386 0.138705
0 0.127147 0.733157 0.254293 0.145310
0 0.104855 0.453104 0.209709 0.108322
0 0.097919 0.338177 0.195838 0.063408
0 0.100396 0.198151 0.200792 0.081902
1 0.513605 0.403466 0.035957 0.047943
1 0.653061 0.283609 0.046647 0.041464
0 0.095724 0.551182 0.183673 0.115322