1 0.023943 0.265672 0.044584 0.036688
1 0.334791 0.289440 0.037901 0.063492
1 0.039795 0.452444 0.072325 0.062087
1 0.034014 0.545351 0.040816 0.041464
1 0.079689 0.754396 0.052478 0.055277
1 0.103138 0.875351 0.044453 0.043220
1 0.126679 0.970876 0.045961 0.047680
1 0.779883 0.849854 0.047619 0.057013
1 0.769679 0.687774 0.044704 0.059827
1 0.731778 0.565472 0.046647 0.055645
1 0.706511 0.452705 0.042760 0.045351
1 0.655554 0.284662 0.043605 0.040979
1 0.043758 0.147952 0.054491 0.044914
0 0.373786 0.304229 0.179541 0.300392
0 0.535667 0.393659 0.212021 0.192867
0 0.680272 0.317298 0.215743 0.196955
0 0.713399 0.444104 0.256389 0.142176
0 0.722897 0.535232 0.219901 0.184490
0 0.766764 0.651603 0.254616 0.121801
0 0.808552 0.772109 0.254616 0.196955
0 0.102873 0.450462 0.205746 0.126816
0 0.078600 0.295905 0.157199 0.084544
1 0.511176 0.409297 0.044704 0.041464
0 0.583576 0.106090 0.173955 0.209913
0 0.137512 0.737123 0.224490 0.150308
0 0.138484 0.842080 0.201166 0.139942
0 0.168610 0.904276 0.185617 0.173631
0 0.125364 0.612731 0.217687 0.082928
0 0.096696 0.208455 0.189504 0.075154
0 0.097182 0.541464 0.180758 0.111435