1 0.060601 0.474240 0.028732 0.066050
1 0.207232 0.491413 0.046565 0.071334
1 0.128468 0.634082 0.035667 0.084544
1 0.332067 0.589168 0.042602 0.066050
1 0.384082 0.692206 0.039630 0.079260
1 0.457893 0.776750 0.036658 0.079260
1 0.565885 0.744386 0.034676 0.085865
1 0.707563 0.726552 0.038639 0.076618
1 0.760568 0.720608 0.047556 0.070013
1 0.824967 0.595112 0.035667 0.056803
1 0.913144 0.560766 0.029723 0.054161
1 0.819022 0.785337 0.035667 0.075297
1 0.921070 0.771466 0.015852 0.068692
1 0.256770 0.757596 0.038639 0.075297
1 0.712517 0.200132 0.054491 0.054161
1 0.888375 0.035007 0.043593 0.054161
0 0.052345 0.552840 0.104690 0.334214
0 0.141347 0.513871 0.146631 0.293263
0 0.244881 0.523778 0.090159 0.328930
0 0.338012 0.624835 0.117900 0.372523
0 0.404888 0.682299 0.091149 0.307794
0 0.459379 0.801849 0.079260 0.396301
0 0.555088 0.798591 0.080049 0.402818
0 0.662979 0.739762 0.076288 0.354029
0 0.706572 0.745046 0.078269 0.340819
0 0.761559 0.791281 0.097094 0.335535
0 0.854194 0.594452 0.119881 0.317041
0 0.846059 0.791281 0.113519 0.298547
0 0.698251 0.246680 0.269193 0.198251
0 0.272595 0.737123 0.152575 0.261743
0 0.185131 0.658730 0.096210 0.317460