1 0.114597 0.245707 0.041612 0.058124
1 0.154227 0.247688 0.039630 0.070013
1 0.250330 0.403567 0.043593 0.072655
1 0.097259 0.489432 0.044584 0.064729
1 0.035337 0.478203 0.027741 0.055482
1 0.407365 0.338838 0.038639 0.077939
1 0.476222 0.206737 0.043593 0.091149
1 0.535172 0.430647 0.036658 0.068692
1 0.690720 0.438573 0.046565 0.068692
1 0.775621 0.220093 0.031320 0.080290
1 0.860002 0.221338 0.030986 0.067231
1 0.179987 0.906869 0.035667 0.056803
1 0.544584 0.958388 0.041612 0.070013
1 0.700132 0.978203 0.033686 0.043593
0 0.299373 0.346764 0.111955 0.373844
0 0.393494 0.311096 0.125826 0.384412
0 0.469782 0.199472 0.054491 0.398943
0 0.534676 0.362616 0.075297 0.405548
0 0.606011 0.346764 0.075297 0.381770
0 0.678336 0.377147 0.107001 0.376486
0 0.716480 0.195509 0.078269 0.391017
0 0.756605 0.417437 0.000000 0.018494
0 0.788309 0.197490 0.087186 0.394980
1 0.021380 0.915290 0.029155 0.042760
1 0.051020 0.885488 0.030126 0.040168
1 0.615160 0.389861 0.036929 0.064788
0 0.079512 0.287938 0.122802 0.296846
0 0.238758 0.257016 0.112642 0.283299
0 0.115514 0.429293 0.105575 0.299202
0 0.148644 0.446373 0.102924 0.340431
0 0.167418 0.254660 0.095415 0.284477
0 0.200389 0.859281 0.103013 0.278847
0 0.140525 0.854875 0.064140 0.273145
0 0.087464 0.860836 0.077745 0.258115