0 0.554063 0.800000 0.071875 0.400000
0 0.463750 0.797917 0.052500 0.394167
0 0.399375 0.735000 0.057500 0.391667
0 0.765938 0.788333 0.068125 0.343333
0 0.180844 0.700499 0.077995 0.321131
0 0.296589 0.755824 0.082363 0.345258
0 0.849688 0.595000 0.125625 0.330000
0 0.043750 0.555833 0.087500 0.333333
0 0.860938 0.785417 0.094375 0.335833
0 0.921875 0.724583 0.136250 0.299167
0 0.807500 0.131250 0.075000 0.262500
1 0.568750 0.745000 0.037500 0.081667
1 0.456250 0.775417 0.030000 0.070833
1 0.385313 0.695000 0.035625 0.066667
1 0.267263 0.748752 0.036190 0.071547
1 0.122504 0.689684 0.028702 0.068220
1 0.821562 0.786667 0.036875 0.065000
1 0.913438 0.555000 0.030625 0.058333
1 0.920937 0.765417 0.024375 0.065833
1 0.958125 0.695000 0.018750 0.050000
1 0.888750 0.037917 0.035000 0.052500
1 0.990938 0.104167 0.018124 0.041667
1 0.631032 0.036606 0.037438 0.073211
0 0.129992 0.121464 0.058652 0.242928