1 0.337221 0.333901 0.050534 0.057497
1 0.655977 0.285552 0.044704 0.034985
1 0.710398 0.458536 0.044704 0.057013
1 0.729589 0.569435 0.052969 0.047719
1 0.769193 0.689828 0.049563 0.047943
1 0.042794 0.457888 0.044636 0.047943
1 0.033454 0.547218 0.053302 0.042915
1 0.082604 0.755264 0.044704 0.049239
1 0.109442 0.867707 0.042013 0.049814
1 0.018950 0.262016 0.037900 0.043186
1 0.783285 0.847911 0.042760 0.050534
0 0.404803 0.354227 0.249839 0.195659
0 0.546161 0.401523 0.221574 0.152899
0 0.667124 0.317946 0.187617 0.193068
0 0.711522 0.449859 0.238764 0.114814
0 0.718659 0.530450 0.212828 0.174927
0 0.763483 0.650308 0.247573 0.126984
0 0.808552 0.772757 0.250729 0.211208
0 0.083058 0.300528 0.166116 0.088507
0 0.108818 0.455746 0.217635 0.097754
0 0.093294 0.545568 0.186588 0.113593
0 0.095938 0.196169 0.191876 0.091149
0 0.584709 0.120872 0.193197 0.207398
0 0.134597 0.734532 0.230321 0.137350
0 0.147230 0.845967 0.185617 0.142533
0 0.172983 0.909459 0.198251 0.155491
1 0.128766 0.972951 0.035957 0.033690
1 0.507289 0.406058 0.044704 0.040168
1 0.046647 0.141723 0.031098 0.037577
0 0.120991 0.608196 0.212828 0.110139