0 0.554063 0.800000 0.071875 0.400000
0 0.463750 0.797917 0.052500 0.394167
0 0.399375 0.735000 0.057500 0.391667
0 0.640079 0.765391 0.096714 0.367720
0 0.765938 0.788333 0.068125 0.343333
0 0.168677 0.714226 0.093594 0.340266
0 0.333715 0.606905 0.073003 0.376872
0 0.300645 0.758319 0.087978 0.348586
0 0.849688 0.595000 0.125625 0.330000
0 0.860938 0.785417 0.094375 0.335833
0 0.921875 0.724583 0.136250 0.299167
0 0.807500 0.131250 0.075000 0.262500
1 0.568750 0.745000 0.037500 0.081667
1 0.456250 0.775417 0.030000 0.070833
1 0.385313 0.695000 0.035625 0.066667
1 0.315308 0.579451 0.044925 0.070715
1 0.122816 0.692596 0.030574 0.070715
1 0.774230 0.650998 0.039309 0.064060
1 0.913438 0.555000 0.030625 0.058333
1 0.920937 0.765417 0.024375 0.065833
1 0.958125 0.695000 0.018750 0.050000
1 0.888750 0.037917 0.035000 0.052500
1 0.990938 0.104167 0.018124 0.041667
1 0.262271 0.750416 0.037438 0.074875
1 0.686876 0.767055 0.041805 0.068220
0 0.717138 0.662646 0.111065 0.355241
1 0.629472 0.034110 0.044301 0.068220