1 0.039300 0.145971 0.045575 0.054161
1 0.037814 0.350727 0.046565 0.075297
1 0.017008 0.252312 0.032695 0.039630
1 0.040786 0.457728 0.056473 0.075297
1 0.035337 0.542272 0.051519 0.067371
1 0.080911 0.750330 0.049538 0.081902
1 0.098250 0.877147 0.060436 0.060766
1 0.771466 0.687583 0.061427 0.080581
1 0.734313 0.570013 0.056473 0.080581
1 0.709049 0.459709 0.069353 0.073976
1 0.652576 0.291281 0.069353 0.072655
0 0.550528 0.397622 0.227873 0.166446
0 0.694188 0.287318 0.223910 0.180978
0 0.656539 0.188904 0.255614 0.243065
0 0.574802 0.064069 0.177345 0.128137
0 0.722919 0.424703 0.273448 0.180978
0 0.768494 0.532365 0.301189 0.179657
0 0.778402 0.642668 0.277411 0.167768
0 0.810106 0.774769 0.255614 0.202114
0 0.346433 0.677015 0.134742 0.400264
0 0.098415 0.347424 0.196830 0.116248
0 0.101387 0.206077 0.202774 0.100396
0 0.103864 0.453104 0.207728 0.100396
0 0.093461 0.536988 0.186922 0.093791
0 0.124670 0.723250 0.249339 0.130779
0 0.131681 0.848558 0.228377 0.139942
1 0.782313 0.852446 0.048591 0.062196
1 0.509232 0.404114 0.042760 0.041464
1 0.617590 0.166343 0.035957 0.050534