0 0.554063 0.800000 0.071875 0.400000
0 0.463750 0.797917 0.052500 0.394167
0 0.399375 0.735000 0.057500 0.391667
0 0.629784 0.762063 0.067388 0.367720
0 0.765938 0.788333 0.068125 0.343333
0 0.168677 0.710483 0.097338 0.349418
0 0.725250 0.668885 0.123544 0.352745
0 0.298149 0.760399 0.075499 0.346090
0 0.849688 0.595000 0.125625 0.330000
0 0.122755 0.169266 0.114063 0.252009
0 0.860938 0.785417 0.094375 0.335833
0 0.921875 0.724583 0.136250 0.299167
0 0.807500 0.131250 0.075000 0.262500
1 0.568750 0.745000 0.037500 0.081667
1 0.456250 0.775417 0.030000 0.070833
1 0.385313 0.695000 0.035625 0.066667
1 0.264767 0.750000 0.033694 0.067388
1 0.122192 0.692180 0.033070 0.068220
1 0.773918 0.647671 0.037438 0.059068
1 0.683756 0.767055 0.035566 0.063228
1 0.913438 0.555000 0.030625 0.058333
1 0.920937 0.765417 0.024375 0.065833
1 0.958125 0.695000 0.018750 0.050000
1 0.888750 0.037917 0.035000 0.052500
1 0.990938 0.104167 0.018124 0.041667
1 0.632280 0.038270 0.041181 0.076539
1 0.043732 0.147554 0.029155 0.046647