1 0.040786 0.235799 0.034676 0.062087
1 0.081407 0.222589 0.034676 0.064729
1 0.168593 0.240423 0.034676 0.071334
1 0.249835 0.388375 0.034676 0.068692
1 0.326618 0.200132 0.039630 0.072655
1 0.396466 0.332893 0.048547 0.068692
1 0.474240 0.262880 0.033686 0.081902
1 0.567867 0.243065 0.046565 0.097754
1 0.828930 0.464333 0.047556 0.067371
1 0.927510 0.398283 0.030713 0.070013
1 0.876982 0.426024 0.036658 0.064729
0 0.563408 0.199472 0.107001 0.398943
0 0.467801 0.194848 0.050528 0.389696
0 0.412814 0.292602 0.071334 0.394980
0 0.314234 0.348745 0.090159 0.377807
0 0.231011 0.192867 0.088177 0.380449
0 0.741248 0.393659 0.143659 0.372523
0 0.362974 0.219469 0.088435 0.345967
0 0.798834 0.439747 0.103013 0.309686
0 0.844023 0.368481 0.096210 0.291545
0 0.908649 0.406706 0.079689 0.331714
0 0.951895 0.341918 0.090379 0.274700
0 0.716229 0.891237 0.128280 0.217525
0 0.793975 0.856900 0.095238 0.286200
1 0.081147 0.828474 0.024295 0.042760
1 0.016035 0.316650 0.024295 0.063492
1 0.215743 0.901037 0.029155 0.042760
1 0.759475 0.943149 0.024295 0.051830
1 0.867347 0.910755 0.024295 0.051830
0 0.117590 0.799968 0.112731 0.257856
0 0.247813 0.842728 0.163265 0.226757
0 0.067260 0.315670 0.126336 0.324621
0 0.098460 0.259066 0.116107 0.351900
0 0.166743 0.219170 0.123779 0.321211
1 0.939261 0.969712 0.024295 0.045351