1 0.076453 0.754293 0.068362 0.076618
1 0.043758 0.455746 0.068362 0.076618
1 0.041281 0.346764 0.055482 0.062087
1 0.707969 0.455944 0.047619 0.054422
1 0.732019 0.569323 0.057828 0.055718
1 0.769308 0.685805 0.057109 0.061173
1 0.781341 0.849854 0.046647 0.054422
1 0.029557 0.550859 0.059114 0.058124
0 0.101882 0.206077 0.203764 0.092470
0 0.099406 0.353369 0.198811 0.107001
0 0.111295 0.451123 0.222589 0.088507
0 0.099406 0.528402 0.198811 0.068692
0 0.128633 0.719947 0.257266 0.118890
0 0.120707 0.841174 0.241413 0.126204
0 0.252312 0.874505 0.227873 0.250990
0 0.818032 0.782034 0.257596 0.216645
0 0.778897 0.667768 0.268494 0.157199
0 0.774934 0.550198 0.312087 0.167768
0 0.737781 0.445839 0.285337 0.180978
0 0.546070 0.411493 0.230845 0.173052
0 0.690225 0.278071 0.235799 0.143989
0 0.660502 0.172391 0.243725 0.225892
0 0.575297 0.070013 0.190225 0.140026
1 0.509232 0.405410 0.038873 0.031098
1 0.617104 0.166991 0.036929 0.051830
1 0.654519 0.279074 0.051506 0.040168
1 0.214772 0.939909 0.046647 0.040168
1 0.104956 0.875769 0.050534 0.059605
1 0.017007 0.255750 0.026239 0.027211
1 0.044218 0.140428 0.041788 0.034985