1 0.500845 0.325450 0.048986 0.072072
1 0.200169 0.354730 0.042230 0.067568
1 0.016047 0.233108 0.032094 0.049550
1 0.322635 0.215090 0.047297 0.067568
1 0.287162 0.171171 0.037162 0.065315
1 0.596284 0.402027 0.043919 0.063063
1 0.691723 0.300676 0.028716 0.072072
1 0.719595 0.273649 0.037162 0.072072
1 0.858953 0.520270 0.028716 0.069820
1 0.919764 0.305180 0.025338 0.063063
1 0.972973 0.325450 0.033784 0.058559
1 0.484797 0.983671 0.037162 0.032658
1 0.776182 0.971847 0.038851 0.054054
0 0.076858 0.213964 0.089527 0.304054
0 0.114020 0.281532 0.103041 0.317568
0 0.253378 0.342342 0.121622 0.313063
0 0.393581 0.237613 0.091216 0.409910
0 0.304054 0.188063 0.087838 0.346847
0 0.500000 0.295045 0.067568 0.376126
0 0.586149 0.342342 0.070946 0.389640
0 0.634291 0.290541 0.069257 0.349099
0 0.717061 0.216216 0.079392 0.398649
0 0.800676 0.465090 0.077703 0.342342
0 0.858953 0.280405 0.069257 0.364865
0 0.930743 0.272523 0.067568 0.317568
0 0.912162 0.551802 0.000000 0.002252
0 0.739865 0.903716 0.081081 0.192568
0 0.791385 0.870495 0.116554 0.238739
0 0.489020 0.886824 0.065878 0.226351
0 0.150338 0.843468 0.087838 0.292793
1 0.122466 0.870495 0.035473 0.058559
1 0.173142 0.957207 0.042230 0.069820
0 0.198480 0.885698 0.065878 0.228604
0 0.274493 0.894144 0.072635 0.200450
1 0.023324 0.285552 0.021380 0.063492
1 0.361516 0.275834 0.033042 0.069971
1 0.826045 0.917234 0.031098 0.051830
1 0.078717 0.962585 0.036929 0.051830