1 0.617041 0.744070 0.046816 0.059925
1 0.703652 0.784644 0.047753 0.043695
1 0.652154 0.628589 0.049625 0.048689
1 0.711610 0.524969 0.056180 0.038702
1 0.686330 0.139825 0.046816 0.054931
1 0.690375 0.026723 0.050317 0.041125
1 0.157087 0.578270 0.042600 0.046984
1 0.068022 0.670035 0.037919 0.046119
1 0.106103 0.876344 0.036627 0.044185
0 0.709738 0.741573 0.262172 0.104869
0 0.635300 0.704744 0.264981 0.116105
0 0.652154 0.592385 0.240637 0.126092
0 0.720974 0.520599 0.284644 0.067416
0 0.681648 0.200375 0.269663 0.163546
0 0.177434 0.945693 0.182584 0.106117
0 0.128277 0.835830 0.230337 0.111111
0 0.202715 0.556180 0.264981 0.103620
0 0.698564 0.105991 0.263795 0.155703
0 0.118914 0.652310 0.228464 0.081149
1 0.058989 0.794632 0.029963 0.026217
0 0.112828 0.747815 0.210674 0.092385
0 0.217228 0.346442 0.262172 0.096130
1 0.203184 0.320225 0.046816 0.051186
1 0.626873 0.227840 0.051498 0.048689
0 0.255840 0.861082 0.226111 0.149874
1 0.231742 0.928215 0.040262 0.048689
1 0.092697 0.419476 0.035581 0.037453
0 0.213951 0.431960 0.268727 0.077403
0 0.127809 0.168539 0.208801 0.107366
1 0.081929 0.139825 0.044007 0.044944
1 0.117041 0.020599 0.037453 0.041198
0 0.126978 0.074569 0.176573 0.089107
0 0.647940 0.288390 0.275281 0.164794
0 0.721442 0.401373 0.308052 0.096130
1 0.679775 0.373908 0.056180 0.051186