0 0.741745 0.670991 0.076651 0.134434
0 0.789505 0.655660 0.080189 0.134434
0 0.901599 0.620801 0.083026 0.117561
0 0.859334 0.382055 0.102569 0.131338
0 0.896445 0.390090 0.086687 0.118315
0 0.917835 0.406642 0.058057 0.109717
0 0.943665 0.410086 0.063469 0.101845
0 0.962084 0.610300 0.071127 0.118509
0 0.918204 0.610086 0.063961 0.110701
1 0.905845 0.382891 0.016268 0.028568
1 0.928263 0.396977 0.015078 0.024203
1 0.968337 0.428124 0.013490 0.017458
1 0.790977 0.682062 0.020632 0.024600
1 0.822124 0.664603 0.021029 0.026981
1 0.952863 0.606872 0.015078 0.021029
1 0.972106 0.604293 0.010713 0.019839
1 0.993294 0.596556 0.013411 0.020236