0 0.373902 0.306008 0.054489 0.174475
0 0.277936 0.312907 0.064249 0.178513
0 0.138520 0.377358 0.068436 0.155335
0 0.889161 0.336078 0.062521 0.121571
0 0.568561 0.540431 0.152321 0.149620
0 0.749746 0.427861 0.194597 0.051396
0 0.286731 0.665259 0.059107 0.177322
0 0.218770 0.540826 0.094746 0.161841
1 0.553432 0.524561 0.038630 0.040664
1 0.846413 0.402773 0.028465 0.025618
1 0.936687 0.290542 0.008133 0.021552
1 0.096576 0.626017 0.018705 0.025618
1 0.174244 0.631506 0.022772 0.030091
1 0.130937 0.564005 0.020738 0.027651
1 0.092916 0.385898 0.017892 0.027651
1 0.255368 0.238086 0.023178 0.024805
1 0.356620 0.295218 0.030498 0.032531
0 0.117315 0.724219 0.133377 0.064249
0 0.132360 0.638622 0.061809 0.145169