0 0.277123 0.501845 0.083726 0.186962
0 0.601117 0.316160 0.083130 0.179489
0 0.685331 0.342571 0.095139 0.166274
0 0.756354 0.352634 0.096962 0.155740
0 0.894219 0.386839 0.097171 0.126691
0 0.595519 0.661557 0.088443 0.169811
0 0.622969 0.634695 0.071278 0.184484
0 0.693637 0.652663 0.106830 0.175609
0 0.862488 0.640210 0.080449 0.136553
1 0.622386 0.306273 0.038130 0.039360
1 0.705412 0.285363 0.034440 0.034440
1 0.803813 0.349938 0.027060 0.035670
1 0.613776 0.678967 0.033210 0.034440
1 0.632841 0.627921 0.031980 0.043050
1 0.734932 0.643911 0.031980 0.040590
1 0.824723 0.646986 0.014760 0.034440
1 0.897294 0.674047 0.024600 0.029520
1 0.928659 0.394219 0.020910 0.028290