0 0.279009 0.314387 0.082075 0.173113
0 0.592521 0.305660 0.074789 0.182075
0 0.895296 0.335142 0.094089 0.127830
0 0.301809 0.671091 0.072376 0.170484
0 0.196864 0.641231 0.060314 0.162651
0 0.150746 0.620682 0.063285 0.177213
0 0.120265 0.637515 0.080820 0.160434
0 0.197467 0.331431 0.080820 0.169466
0 0.140134 0.326972 0.062656 0.154547
1 0.616981 0.298821 0.023113 0.030660
1 0.938208 0.290094 0.015566 0.023585
1 0.251651 0.302594 0.019811 0.032547
1 0.177594 0.267925 0.017925 0.024528
1 0.088443 0.330425 0.020755 0.025000
1 0.069104 0.634670 0.022642 0.022170
1 0.093160 0.597642 0.015094 0.027358
1 0.234434 0.676179 0.017453 0.037264