0 0.749077 0.676887 0.111931 0.158019
0 0.787059 0.667658 0.096873 0.170221
0 0.893419 0.620295 0.073432 0.114883
0 0.860130 0.379986 0.104551 0.134423
0 0.897909 0.389504 0.090884 0.123001
0 0.922894 0.400907 0.072648 0.116851
0 0.930381 0.613776 0.068389 0.112669
1 0.789378 0.682295 0.025324 0.027494
1 0.820129 0.667101 0.023153 0.027494
1 0.951089 0.607771 0.015918 0.024600
1 0.973519 0.605238 0.015918 0.022430
1 0.993633 0.594385 0.012734 0.022430
1 0.904742 0.380165 0.013211 0.024145
1 0.927541 0.397890 0.011927 0.017518