0 0.389741 0.351415 0.063679 0.181604
0 0.189362 0.530750 0.087451 0.156212
0 0.421012 0.665094 0.074335 0.162736
0 0.584316 0.674551 0.063679 0.198068
0 0.648669 0.669953 0.057614 0.186605
0 0.685731 0.343207 0.089623 0.155567
0 0.785377 0.439675 0.104953 0.143501
0 0.940636 0.615006 0.093869 0.124296
1 0.152457 0.499773 0.032369 0.034958
1 0.386483 0.340519 0.040785 0.033663
1 0.393604 0.668738 0.026542 0.037548
1 0.662912 0.741892 0.030427 0.033663
1 0.593643 0.681362 0.026542 0.034311
1 0.717291 0.348611 0.029132 0.030427
1 0.823785 0.455752 0.029779 0.037548
1 0.967825 0.605619 0.025248 0.026542
1 0.955202 0.472260 0.014242 0.023953