0 0.282847 0.316437 0.066874 0.175327
0 0.202044 0.331761 0.071148 0.165881
0 0.138286 0.334323 0.056840 0.139557
0 0.591588 0.311714 0.068789 0.175314
0 0.894587 0.337264 0.085433 0.124214
0 0.025845 0.617725 0.051690 0.132463
0 0.119625 0.634885 0.079540 0.143983
0 0.278498 0.585888 0.124214 0.131682
1 0.614583 0.300904 0.024371 0.032626
1 0.938483 0.291667 0.014151 0.020440
1 0.069379 0.633255 0.019654 0.022013
1 0.086675 0.331564 0.020440 0.022406
1 0.174135 0.272013 0.020047 0.018868
1 0.247052 0.307390 0.018082 0.029874