0 0.694281 0.323064 0.067315 0.165586
0 0.886946 0.335348 0.070153 0.124312
0 0.293092 0.229461 0.170008 0.083530
0 0.156995 0.342333 0.101203 0.150074
0 0.163866 0.651779 0.090409 0.155759
0 0.098552 0.616405 0.068758 0.166466
0 0.040651 0.621230 0.075995 0.137515
0 0.719781 0.682734 0.061518 0.174430
1 0.756682 0.313974 0.013267 0.030464
1 0.937991 0.293337 0.009336 0.027516
1 0.761596 0.687893 0.026042 0.033412
1 0.226759 0.189171 0.025550 0.022602
1 0.109080 0.348123 0.014249 0.025059
1 0.092620 0.386940 0.025550 0.027024
0 0.127997 0.376376 0.073703 0.160181
1 0.011547 0.661606 0.012775 0.025059
0 0.125622 0.716064 0.119235 0.079927
1 0.114649 0.708857 0.012229 0.026205